0 1024 2176 1280 2432
0 1024 2304 1280 2560
0 1024 2432 1280 2688
0 1024 2560 1280 2816
0 1024 2688 1280 2944
0 1152 2176 1408 2432
0 1152 2304 1408 2560
0 1152 2432 1408 2688
0 1152 2560 1408 2816
0 1152 2688 1408 2944
0 1152 2812 1408 3068
0 1152 2944 1408 3200
0 1152 3072 1408 3328
0 1280 2176 1536 2432
0 1280 2304 1536 2560
0 1280 2432 1536 2688
0 1280 2560 1536 2816
0 1280 2688 1536 2944
0 1280 2812 1536 3068
0 1280 2944 1536 3200
0 1280 3072 1536 3328
0 1280 3200 1536 3456
0 1404 2304 1660 2560
0 1404 2432 1660 2688
0 1404 2560 1660 2816
0 1404 2688 1660 2944
0 1404 2812 1660 3068
0 1404 2944 1660 3200
0 1404 3072 1660 3328
0 1404 3200 1660 3456
0 1404 3328 1660 3584
0 1536 2432 1792 2688
0 1536 2560 1792 2816
0 1536 2688 1792 2944
0 1536 2812 1792 3068
0 1536 2944 1792 3200
0 1536 3072 1792 3328
0 1536 3200 1792 3456
0 1536 3328 1792 3584
0 1660 1152 1916 1408
0 1660 1279 1916 1535
0 1660 2432 1916 2688
0 1660 2560 1916 2816
0 1660 2688 1916 2944
0 1660 2812 1916 3068
0 1660 2944 1916 3200
0 1660 3072 1916 3328
0 1660 3200 1916 3456
0 1660 3328 1916 3584
0 1660 3452 1916 3708
0 1792 1152 2048 1408
0 1792 1280 2048 1536
0 1792 1404 2048 1660
0 1792 2432 2048 2688
0 1792 2560 2048 2816
0 1792 2688 2048 2944
0 1792 2812 2048 3068
0 1792 2944 2048 3200
0 1792 3072 2048 3328
0 1792 3200 2048 3456
0 1792 3328 2048 3584
0 1792 3452 2048 3708
0 1920 1152 2176 1408
0 1920 1280 2176 1536
0 1920 1404 2176 1660
0 1920 1536 2176 1792
0 1920 2432 2176 2688
0 1920 2560 2176 2816
0 1920 2688 2176 2944
0 1920 2812 2176 3068
0 1920 2944 2176 3200
0 1920 3072 2176 3328
0 1920 3200 2176 3456
0 1920 3328 2176 3584
0 1920 3452 2176 3708
0 2044 1024 2300 1280
0 2044 1152 2300 1408
0 2044 1280 2300 1536
0 2044 1404 2300 1660
0 2044 1536 2300 1792
0 2044 1660 2300 1916
0 2044 2560 2300 2816
0 2044 2688 2300 2944
0 2044 2812 2300 3068
0 2044 2944 2300 3200
0 2044 3072 2300 3328
0 2044 3200 2300 3456
0 2044 3328 2300 3584
0 2044 3452 2300 3708
0 2044 3584 2300 3840
0 2176 1024 2432 1280
0 2176 1152 2432 1408
0 2176 1280 2432 1536
0 2176 1404 2432 1660
0 2176 1536 2432 1792
0 2176 1660 2432 1916
0 2176 1792 2432 2048
0 2176 2560 2432 2816
0 2176 2688 2432 2944
0 2176 2812 2432 3068
0 2176 2944 2432 3200
0 2176 3072 2432 3328
0 2176 3200 2432 3456
0 2176 3328 2432 3584
0 2176 3452 2432 3708
0 2176 3584 2432 3840
0 2304 1024 2560 1280
0 2304 1152 2560 1408
0 2304 1280 2560 1536
0 2304 1404 2560 1660
0 2304 1536 2560 1792
0 2304 1660 2560 1916
0 2304 1792 2560 2048
0 2304 1920 2560 2176
0 2304 2688 2560 2944
0 2304 2812 2560 3068
0 2304 2944 2560 3200
0 2304 3072 2560 3328
0 2304 3200 2560 3456
0 2304 3328 2560 3584
0 2304 3452 2560 3708
0 2304 3584 2560 3840
0 2432 1024 2688 1280
0 2432 1152 2688 1408
0 2432 1280 2688 1536
0 2432 1404 2688 1660
0 2432 1536 2688 1792
0 2432 1660 2688 1916
0 2432 1792 2688 2048
0 2432 1920 2688 2176
0 2432 2812 2688 3068
0 2432 2944 2688 3200
0 2432 3072 2688 3328
0 2432 3200 2688 3456
0 2432 3328 2688 3584
0 2432 3452 2688 3708
0 2432 3584 2688 3840
0 2560 1024 2816 1280
0 2560 1152 2816 1408
0 2560 1280 2816 1536
0 2560 1404 2816 1660
0 2560 1536 2816 1792
0 2560 1660 2816 1916
0 2560 1792 2816 2048
0 2560 1920 2816 2176
0 2560 2044 2816 2300
0 2560 2944 2816 3200
0 2560 3072 2816 3328
0 2560 3200 2816 3456
0 2560 3328 2816 3584
0 2560 3452 2816 3708
0 2560 3584 2816 3840
0 2688 1024 2944 1280
0 2688 1152 2944 1408
0 2688 1280 2944 1536
0 2688 1404 2944 1660
0 2688 1536 2944 1792
0 2688 1660 2944 1916
0 2688 1792 2944 2048
0 2688 1920 2944 2176
0 2688 2044 2944 2300
0 2688 2176 2944 2432
0 2688 3200 2944 3456
0 2688 3328 2944 3584
0 2688 3452 2944 3708
0 2688 3584 2944 3840
0 2812 1024 3068 1280
0 2812 1152 3068 1408
0 2812 1280 3068 1536
0 2812 1404 3068 1660
0 2812 1536 3068 1792
0 2812 1660 3068 1916
0 2812 1792 3068 2048
0 2812 1920 3068 2176
0 2812 2044 3068 2300
0 2812 2176 3068 2432
0 2812 3200 3068 3456
0 2812 3328 3068 3584
0 2812 3452 3068 3708
0 2812 3584 3068 3840
0 2944 1152 3200 1408
0 2944 1280 3200 1536
0 2944 1404 3200 1660
0 2944 1536 3200 1792
0 2944 1660 3200 1916
0 2944 1792 3200 2048
0 2944 1920 3200 2176
0 2944 2044 3200 2300
0 2944 2176 3200 2432
0 2944 3200 3200 3456
0 2944 3328 3200 3584
0 2944 3452 3200 3708
0 3072 1152 3328 1408
0 3072 1280 3328 1536
0 3072 1404 3328 1660
0 3072 1536 3328 1792
0 3072 1660 3328 1916
0 3072 1792 3328 2048
0 3072 1920 3328 2176
0 3072 2044 3328 2300
0 3072 2176 3328 2432
0 3072 3328 3328 3584
0 3072 3452 3328 3708
0 3200 1280 3456 1536
0 3200 1404 3456 1660
0 3200 1536 3456 1792
0 3200 1660 3456 1916
0 3200 1792 3456 2048
0 3200 1920 3456 2176
0 3200 2044 3456 2300
0 3200 2176 3456 2432
0 3200 2304 3456 2560
0 3200 3328 3456 3584
0 3200 3452 3456 3708
0 3328 1404 3584 1660
0 3328 1536 3584 1792
0 3328 1660 3584 1916
0 3328 1792 3584 2048
0 3328 1920 3584 2176
0 3328 2044 3584 2300
0 3328 2176 3584 2432
0 3328 2304 3584 2560
0 3328 2432 3584 2688
0 3452 1536 3708 1792
0 3452 1660 3708 1916
0 3452 1792 3708 2048
0 3452 1920 3708 2176
0 3452 2044 3708 2300
0 3452 2176 3708 2432
0 3452 2304 3708 2560
0 3452 2432 3708 2688
0 3452 2560 3708 2816
0 3584 1660 3840 1916
0 3584 1792 3840 2048
0 3584 1920 3840 2176
0 3584 2044 3840 2300
0 3584 2176 3840 2432
0 3584 2304 3840 2560
0 3584 2432 3840 2688
0 3584 2560 3840 2816
0 3584 2688 3840 2944
0 3712 1920 3968 2176
0 3712 2044 3968 2300
0 3712 2176 3968 2432
0 3712 2304 3968 2560
0 3712 2432 3968 2688
0 3712 2560 3968 2816
0 3712 2688 3968 2944
0 3840 2176 4096 2432
0 3840 2304 4096 2560
0 3840 2432 4096 2688
0 1920 1024 2176 1280
0 1152 2044 1408 2300
0 1536 2304 1792 2560
0 1660 2303 1916 2559
0 1404 2176 1660 2432
0 1536 1280 1792 1536
