0 1024 2045 1280 2301
0 1024 2176 1280 2432
0 1024 2304 1280 2560
0 1024 2432 1280 2688
0 1024 2560 1280 2816
0 1024 2688 1280 2944
0 1024 2813 1280 3069
0 1024 2944 1280 3200
0 1152 1661 1408 1917
0 1152 1792 1408 2048
0 1152 1920 1408 2176
0 1152 2045 1408 2301
0 1152 2176 1408 2432
0 1152 2304 1408 2560
0 1152 2432 1408 2688
0 1152 2560 1408 2816
0 1152 2688 1408 2944
0 1152 2813 1408 3069
0 1152 2944 1408 3200
0 1152 3072 1408 3328
0 1152 3200 1408 3456
0 1280 1536 1536 1792
0 1280 1661 1536 1917
0 1280 1792 1536 2048
0 1280 1920 1536 2176
0 1280 2045 1536 2301
0 1280 2176 1536 2432
0 1280 2304 1536 2560
0 1280 2432 1536 2688
0 1280 2560 1536 2816
0 1280 2688 1536 2944
0 1280 2813 1536 3069
0 1280 2944 1536 3200
0 1280 3072 1536 3328
0 1280 3200 1536 3456
0 1405 1405 1661 1661
0 1405 1536 1661 1792
0 1405 1661 1661 1917
0 1405 1792 1661 2048
0 1405 1920 1661 2176
0 1405 2045 1661 2301
0 1405 2176 1661 2432
0 1405 2304 1661 2560
0 1405 2432 1661 2688
0 1405 2560 1661 2816
0 1405 2688 1661 2944
0 1405 2813 1661 3069
0 1405 2944 1661 3200
0 1405 3072 1661 3328
0 1405 3200 1661 3456
0 1405 3328 1661 3584
0 1536 1280 1792 1536
0 1536 1405 1792 1661
0 1536 1536 1792 1792
0 1536 1661 1792 1917
0 1536 1792 1792 2048
0 1536 1920 1792 2176
0 1536 2045 1792 2301
0 1536 2176 1792 2432
0 1536 2304 1792 2560
0 1536 2432 1792 2688
0 1536 2560 1792 2816
0 1536 2688 1792 2944
0 1536 2813 1792 3069
0 1536 2944 1792 3200
0 1536 3072 1792 3328
0 1536 3200 1792 3456
0 1536 3328 1792 3584
0 1661 1152 1917 1408
0 1661 1280 1917 1536
0 1661 1405 1917 1661
0 1661 1536 1917 1792
0 1661 1661 1917 1917
0 1661 1792 1917 2048
0 1661 1920 1917 2176
0 1661 2045 1917 2301
0 1661 2176 1917 2432
0 1661 2304 1917 2560
0 1661 2432 1917 2688
0 1661 2560 1917 2816
0 1661 2688 1917 2944
0 1661 2813 1917 3069
0 1661 2944 1917 3200
0 1661 3072 1917 3328
0 1661 3200 1917 3456
0 1661 3328 1917 3584
0 1661 3453 1917 3709
0 1792 1152 2048 1408
0 1792 1280 2048 1536
0 1792 1405 2048 1661
0 1792 1536 2048 1792
0 1792 1661 2048 1917
0 1792 1792 2048 2048
0 1792 1920 2048 2176
0 1792 2045 2048 2301
0 1792 2176 2048 2432
0 1792 2304 2048 2560
0 1792 2432 2048 2688
0 1792 2560 2048 2816
0 1792 2688 2048 2944
0 1792 2813 2048 3069
0 1792 2944 2048 3200
0 1792 3072 2048 3328
0 1792 3200 2048 3456
0 1792 3328 2048 3584
0 1792 3453 2048 3709
0 1920 1024 2176 1280
0 1920 1152 2176 1408
0 1920 1280 2176 1536
0 1920 1405 2176 1661
0 1920 1536 2176 1792
0 1920 1661 2176 1917
0 1920 1792 2176 2048
0 1920 1920 2176 2176
0 1920 2045 2176 2301
0 1920 2176 2176 2432
0 1920 2304 2176 2560
0 1920 2432 2176 2688
0 1920 2560 2176 2816
0 1920 2688 2176 2944
0 1920 2813 2176 3069
0 1920 2944 2176 3200
0 1920 3072 2176 3328
0 1920 3200 2176 3456
0 1920 3328 2176 3584
0 1920 3453 2176 3709
0 1920 3584 2176 3840
0 2045 1024 2301 1280
0 2045 1152 2301 1408
0 2045 1280 2301 1536
0 2045 1405 2301 1661
0 2045 1536 2301 1792
0 2045 1661 2301 1917
0 2045 1792 2301 2048
0 2045 1920 2301 2176
0 2045 2045 2301 2301
0 2045 2176 2301 2432
0 2045 2304 2301 2560
0 2045 2432 2301 2688
0 2045 3453 2301 3709
0 2046 3584 2302 3840
0 2176 1792 2432 2048
0 2176 1920 2432 2176
0 2176 2045 2432 2301
0 2176 2176 2432 2432
0 2176 2304 2432 2560
0 2176 2432 2432 2688
0 2688 1792 2944 2048
0 2688 1920 2944 2176
0 2688 2045 2944 2301
0 2688 2176 2944 2432
0 2688 2304 2944 2560
0 2688 2432 2944 2688
0 2813 1024 3069 1280
0 2813 1152 3069 1408
0 2813 1280 3069 1536
0 2813 1405 3069 1661
0 2813 1536 3069 1792
0 2813 1661 3069 1917
0 2813 1792 3069 2048
0 2813 1920 3069 2176
0 2813 2045 3069 2301
0 2813 2176 3069 2432
0 2813 2304 3069 2560
0 2813 2432 3069 2688
0 2813 2560 3069 2816
0 2813 3328 3069 3584
0 2813 3453 3069 3709
0 2813 3584 3069 3840
0 2944 1152 3200 1408
0 2944 1280 3200 1536
0 2944 1405 3200 1661
0 2944 1536 3200 1792
0 2944 1661 3200 1917
0 2944 1792 3200 2048
0 2944 1920 3200 2176
0 2944 2045 3200 2301
0 2944 2176 3200 2432
0 2944 2304 3200 2560
0 2944 2432 3200 2688
0 2944 2560 3200 2816
0 2944 2688 3200 2944
0 2944 2813 3200 3069
0 2944 2944 3200 3200
0 2944 3072 3200 3328
0 2944 3200 3200 3456
0 2944 3328 3200 3584
0 2944 3453 3200 3709
0 2944 3584 3200 3840
0 3072 1152 3328 1408
0 3072 1280 3328 1536
0 3072 1405 3328 1661
0 3072 1536 3328 1792
0 3072 1661 3328 1917
0 3072 1792 3328 2048
0 3072 1920 3328 2176
0 3072 2045 3328 2301
0 3072 2176 3328 2432
0 3072 2304 3328 2560
0 3072 2432 3328 2688
0 3072 2560 3328 2816
0 3072 2688 3328 2944
0 3072 2813 3328 3069
0 3072 2944 3328 3200
0 3072 3072 3328 3328
0 3072 3200 3328 3456
0 3072 3328 3328 3584
0 3072 3453 3328 3709
0 3200 1280 3456 1536
0 3200 1405 3456 1661
0 3200 1536 3456 1792
0 3200 1661 3456 1917
0 3200 1792 3456 2048
0 3200 1920 3456 2176
0 3200 2045 3456 2301
0 3200 2176 3456 2432
0 3200 2304 3456 2560
0 3200 2432 3456 2688
0 3200 2560 3456 2816
0 3200 2688 3456 2944
0 3200 2813 3456 3069
0 3200 2944 3456 3200
0 3200 3072 3456 3328
0 3200 3200 3456 3456
0 3200 3328 3456 3584
0 3200 3453 3456 3709
0 3328 1280 3584 1536
0 3328 1405 3584 1661
0 3328 1536 3584 1792
0 3328 1661 3584 1917
0 3328 1792 3584 2048
0 3328 1920 3584 2176
0 3328 2045 3584 2301
0 3328 2176 3584 2432
0 3328 2304 3584 2560
0 3328 2432 3584 2688
0 3328 2560 3584 2816
0 3328 2688 3584 2944
0 3328 2813 3584 3069
0 3328 2944 3584 3200
0 3328 3072 3584 3328
0 3328 3200 3584 3456
0 3328 3328 3584 3584
0 3453 1405 3709 1661
0 3453 1536 3709 1792
0 3453 1661 3709 1917
0 3453 1792 3709 2048
0 3453 1920 3709 2176
0 3453 2045 3709 2301
0 3453 2176 3709 2432
0 3453 2304 3709 2560
0 3453 2432 3709 2688
0 3453 2560 3709 2816
0 3453 2688 3709 2944
0 3453 2813 3709 3069
0 3453 2944 3709 3200
0 3453 3072 3709 3328
0 3453 3200 3709 3456
0 3453 3328 3709 3584
0 3584 1536 3840 1792
0 3584 1661 3840 1917
0 3584 1792 3840 2048
0 3584 1920 3840 2176
0 3584 2045 3840 2301
0 3584 2176 3840 2432
0 3584 2304 3840 2560
0 3584 2432 3840 2688
0 3584 2560 3840 2816
0 3584 2688 3840 2944
0 3584 2813 3840 3069
0 3584 2944 3840 3200
0 3584 3072 3840 3328
0 3584 3200 3840 3456
0 3712 1792 3968 2048
0 3712 1920 3968 2176
0 3712 2045 3968 2301
0 3712 2176 3968 2432
0 3712 2304 3968 2560
0 3712 2432 3968 2688
0 3712 2560 3968 2816
0 3712 2688 3968 2944
0 3712 2813 3968 3069
0 3712 2944 3968 3200
0 3712 3072 3968 3328
0 3840 2176 4096 2432
0 3840 2304 4096 2560
0 3840 2432 4096 2688
0 3840 2560 4096 2816
0 3840 2688 4096 2944
0 3840 2813 4096 3069
0 3840 2944 4096 3200
0 2944 1024 3200 1280
0 2046 2560 2302 2816
0 2046 3328 2302 3584
