0 1024 2176 1280 2432
0 1024 2304 1280 2560
0 1024 2432 1280 2688
0 1024 2560 1280 2816
0 1024 2688 1280 2944
0 1152 1920 1408 2176
0 1152 2046 1408 2302
0 1152 2176 1408 2432
0 1152 2304 1408 2560
0 1152 2432 1408 2688
0 1152 2560 1408 2816
0 1152 2688 1408 2944
0 1280 1662 1536 1918
0 1280 1792 1536 2048
0 1280 1920 1536 2176
0 1280 2046 1536 2302
0 1280 2176 1536 2432
0 1280 2304 1536 2560
0 1280 2432 1536 2688
0 1280 2560 1536 2816
0 1280 2688 1536 2944
0 1406 1406 1662 1662
0 1406 1536 1662 1792
0 1406 1662 1662 1918
0 1406 1792 1662 2048
0 1406 1920 1662 2176
0 1406 2046 1662 2302
0 1406 2176 1662 2432
0 1406 2304 1662 2560
0 1406 2432 1662 2688
0 1406 2560 1662 2816
0 1536 1280 1792 1536
0 1536 1406 1792 1662
0 1536 1536 1792 1792
0 1536 1662 1792 1918
0 1536 1792 1792 2048
0 1536 1920 1792 2176
0 1536 2046 1792 2302
0 1536 2176 1792 2432
0 1662 1152 1918 1408
0 1662 1280 1918 1536
0 1662 1406 1918 1662
0 1662 1536 1918 1792
0 1662 1662 1918 1918
0 1662 1792 1918 2048
0 1662 1920 1918 2176
0 1662 2046 1918 2302
0 1662 2176 1918 2432
0 1662 3328 1918 3584
0 1792 1152 2048 1408
0 1792 1280 2048 1536
0 1792 1406 2048 1662
0 1792 1536 2048 1792
0 1792 1662 2048 1918
0 1792 1792 2048 2048
0 1792 1920 2048 2176
0 1792 2046 2048 2302
0 1792 2176 2048 2432
0 1792 3328 2048 3584
0 1792 3454 2048 3710
0 1920 1152 2176 1408
0 1920 1280 2176 1536
0 1920 1406 2176 1662
0 1920 1536 2176 1792
0 1920 1662 2176 1918
0 1920 1792 2176 2048
0 1920 1920 2176 2176
0 1920 2046 2176 2302
0 1920 2176 2176 2432
0 1920 3200 2176 3456
0 1920 3328 2176 3584
0 1920 3454 2176 3710
0 2046 1024 2302 1280
0 2046 1152 2302 1408
0 2046 1280 2302 1536
0 2046 1406 2302 1662
0 2046 1536 2302 1792
0 2046 1662 2302 1918
0 2046 1792 2302 2048
0 2046 1920 2302 2176
0 2046 2046 2302 2302
0 2046 2176 2302 2432
0 2046 3200 2302 3456
0 2046 3328 2302 3584
0 2046 3454 2302 3710
0 2046 3584 2302 3840
0 2176 1024 2432 1280
0 2176 1152 2432 1408
0 2176 1280 2432 1536
0 2176 1406 2432 1662
0 2176 1536 2432 1792
0 2176 1662 2432 1918
0 2176 1792 2432 2048
0 2176 1920 2432 2176
0 2176 2046 2432 2302
0 2176 2176 2432 2432
0 2176 3200 2432 3456
0 2176 3328 2432 3584
0 2176 3454 2432 3710
0 2176 3584 2432 3840
0 2304 1024 2560 1280
0 2304 1152 2560 1408
0 2304 1280 2560 1536
0 2304 1406 2560 1662
0 2304 1536 2560 1792
0 2304 1662 2560 1918
0 2304 1792 2560 2048
0 2304 1920 2560 2176
0 2304 2046 2560 2302
0 2304 2176 2560 2432
0 2304 2944 2560 3200
0 2304 3072 2560 3328
0 2304 3200 2560 3456
0 2304 3328 2560 3584
0 2304 3454 2560 3710
0 2304 3584 2560 3840
0 2432 1024 2688 1280
0 2432 1152 2688 1408
0 2432 1280 2688 1536
0 2432 1406 2688 1662
0 2432 1536 2688 1792
0 2432 1662 2688 1918
0 2432 1792 2688 2048
0 2432 1920 2688 2176
0 2432 2046 2688 2302
0 2432 2814 2688 3070
0 2432 2944 2688 3200
0 2432 3072 2688 3328
0 2432 3200 2688 3456
0 2432 3328 2688 3584
0 2432 3454 2688 3710
0 2432 3584 2688 3840
0 2560 1024 2816 1280
0 2560 1152 2816 1408
0 2560 1280 2816 1536
0 2560 1406 2816 1662
0 2560 1536 2816 1792
0 2560 1662 2816 1918
0 2560 1792 2816 2048
0 2560 1920 2816 2176
0 2560 2688 2816 2944
0 2560 2814 2816 3070
0 2560 2944 2816 3200
0 2560 3072 2816 3328
0 2560 3200 2816 3456
0 2560 3328 2816 3584
0 2560 3454 2816 3710
0 2560 3584 2816 3840
0 2688 1024 2944 1280
0 2688 1152 2944 1408
0 2688 1280 2944 1536
0 2688 1406 2944 1662
0 2688 1536 2944 1792
0 2688 1662 2944 1918
0 2688 1792 2944 2048
0 2688 1920 2944 2176
0 2688 2560 2944 2816
0 2688 2688 2944 2944
0 2688 2814 2944 3070
0 2688 2944 2944 3200
0 2688 3072 2944 3328
0 2688 3200 2944 3456
0 2688 3328 2944 3584
0 2688 3454 2944 3710
0 2688 3584 2944 3840
0 2814 1024 3070 1280
0 2814 1152 3070 1408
0 2814 1280 3070 1536
0 2814 1406 3070 1662
0 2814 1536 3070 1792
0 2814 1662 3070 1918
0 2814 1792 3070 2048
0 2814 2560 3070 2816
0 2814 2688 3070 2944
0 2814 2814 3070 3070
0 2814 2944 3070 3200
0 2814 3072 3070 3328
0 2814 3200 3070 3456
0 2814 3328 3070 3584
0 2814 3454 3070 3710
0 2814 3584 3070 3840
0 2944 1024 3200 1280
0 2944 1152 3200 1408
0 2944 1280 3200 1536
0 2944 1406 3200 1662
0 2944 1536 3200 1792
0 2944 1662 3200 1918
0 2944 2432 3200 2688
0 2944 2560 3200 2816
0 2944 2688 3200 2944
0 2944 2814 3200 3070
0 2944 2944 3200 3200
0 2944 3072 3200 3328
0 2944 3200 3200 3456
0 2944 3328 3200 3584
0 2944 3454 3200 3710
0 2944 3584 3200 3840
0 3072 1152 3328 1408
0 3072 1280 3328 1536
0 3072 1406 3328 1662
0 3072 1536 3328 1792
0 3072 2432 3328 2688
0 3072 2560 3328 2816
0 3072 2688 3328 2944
0 3072 2814 3328 3070
0 3072 2944 3328 3200
0 3072 3072 3328 3328
0 3072 3200 3328 3456
0 3072 3328 3328 3584
0 3072 3454 3328 3710
0 3200 1152 3456 1408
0 3200 1280 3456 1536
0 3200 1406 3456 1662
0 3200 2304 3456 2560
0 3200 2432 3456 2688
0 3200 2560 3456 2816
0 3200 2688 3456 2944
0 3200 2814 3456 3070
0 3200 2944 3456 3200
0 3200 3072 3456 3328
0 3200 3200 3456 3456
0 3200 3328 3456 3584
0 3200 3454 3456 3710
0 3328 1280 3584 1536
0 3328 2304 3584 2560
0 3328 2432 3584 2688
0 3328 2560 3584 2816
0 3328 2688 3584 2944
0 3328 2814 3584 3070
0 3328 2944 3584 3200
0 3328 3072 3584 3328
0 3328 3200 3584 3456
0 3328 3328 3584 3584
0 3454 2304 3710 2560
0 3454 2432 3710 2688
0 3454 2560 3710 2816
0 3454 2688 3710 2944
0 3454 2814 3710 3070
0 3454 2944 3710 3200
0 3454 3072 3710 3328
0 3454 3200 3710 3456
0 3454 3328 3710 3584
0 3584 2176 3840 2432
0 3584 2304 3840 2560
0 3584 2432 3840 2688
0 3584 2560 3840 2816
0 3584 2688 3840 2944
0 3584 2814 3840 3070
0 3584 2944 3840 3200
0 3584 3072 3840 3328
0 3584 3200 3840 3456
0 3712 2176 3968 2432
0 3712 2304 3968 2560
0 3712 2432 3968 2688
0 3712 2560 3968 2816
0 3712 2688 3968 2944
0 3712 2814 3968 3070
0 3712 2944 3968 3200
0 3712 3072 3968 3328
0 3840 2304 4096 2560
0 3840 2432 4096 2688
0 3840 2560 4096 2816
0 3840 2688 4096 2944
0 3840 2176 4096 2432
0 3712 2047 3968 2303
0 2176 3072 2432 3328
0 1664 2432 1920 2688
0 1536 2304 1792 2560
0 1664 2304 1920 2560
0 1536 2432 1792 2688
0 1792 2304 2048 2560
