0 1024 2176 1280 2432
0 1024 2304 1280 2560
0 1024 2432 1280 2688
0 1024 2560 1280 2816
0 1024 2688 1280 2944
0 1152 2176 1408 2432
0 1152 2304 1408 2560
0 1152 2432 1408 2688
0 1152 2560 1408 2816
0 1152 2688 1408 2944
0 1152 2815 1408 3071
0 1152 2944 1408 3200
0 1280 2176 1536 2432
0 1280 2304 1536 2560
0 1280 2432 1536 2688
0 1280 2560 1536 2816
0 1280 2688 1536 2944
0 1280 2815 1536 3071
0 1280 2944 1536 3200
0 1280 3072 1536 3328
0 1407 2304 1663 2560
0 1407 2432 1663 2688
0 1407 2560 1663 2816
0 1407 2688 1663 2944
0 1407 2815 1663 3071
0 1407 2944 1663 3200
0 1407 3072 1663 3328
0 1407 3200 1663 3456
0 1536 1280 1792 1536
0 1536 1407 1792 1663
0 1536 2432 1792 2688
0 1536 2560 1792 2816
0 1536 2688 1792 2944
0 1536 2815 1792 3071
0 1536 2944 1792 3200
0 1536 3072 1792 3328
0 1536 3200 1792 3456
0 1536 3328 1792 3584
0 1663 1280 1919 1536
0 1663 1407 1919 1663
0 1663 2560 1919 2816
0 1663 2688 1919 2944
0 1663 2815 1919 3071
0 1663 2944 1919 3200
0 1663 3072 1919 3328
0 1663 3200 1919 3456
0 1663 3328 1919 3584
0 1663 3455 1919 3711
0 1792 1152 2048 1408
0 1792 1280 2048 1536
0 1792 1407 2048 1663
0 1792 1536 2048 1792
0 1792 2688 2048 2944
0 1792 2815 2048 3071
0 1792 2944 2048 3200
0 1792 3072 2048 3328
0 1792 3200 2048 3456
0 1792 3328 2048 3584
0 1792 3455 2048 3711
0 1920 1152 2176 1408
0 1920 1280 2176 1536
0 1920 1407 2176 1663
0 1920 1536 2176 1792
0 1920 2688 2176 2944
0 1920 2815 2176 3071
0 1920 2944 2176 3200
0 1920 3072 2176 3328
0 1920 3200 2176 3456
0 1920 3328 2176 3584
0 1920 3455 2176 3711
0 1920 3583 2176 3839
0 2047 1024 2303 1280
0 2047 1152 2303 1408
0 2047 1280 2303 1536
0 2047 1407 2303 1663
0 2047 1536 2303 1792
0 2047 2560 2303 2816
0 2047 2688 2303 2944
0 2047 2815 2303 3071
0 2047 2944 2303 3200
0 2047 3072 2303 3328
0 2047 3200 2303 3456
0 2047 3328 2303 3584
0 2047 3455 2303 3711
0 2176 1024 2432 1280
0 2176 1152 2432 1408
0 2176 1280 2432 1536
0 2176 1407 2432 1663
0 2176 1536 2432 1792
0 2176 2560 2432 2816
0 2176 2688 2432 2944
0 2176 2815 2432 3071
0 2176 2944 2432 3200
0 2176 3072 2432 3328
0 2176 3200 2432 3456
0 2176 3328 2432 3584
0 2176 3455 2432 3711
0 2304 1024 2560 1280
0 2304 1152 2560 1408
0 2304 1280 2560 1536
0 2304 1407 2560 1663
0 2304 1536 2560 1792
0 2304 1663 2560 1919
0 2304 1792 2560 2048
0 2304 1920 2560 2176
0 2304 2688 2560 2944
0 2304 2815 2560 3071
0 2304 2944 2560 3200
0 2304 3072 2560 3328
0 2304 3200 2560 3456
0 2304 3328 2560 3584
0 2304 3455 2560 3711
0 2432 1024 2688 1280
0 2432 1152 2688 1408
0 2432 1280 2688 1536
0 2432 1407 2688 1663
0 2432 1536 2688 1792
0 2432 1663 2688 1919
0 2432 1792 2688 2048
0 2432 1920 2688 2176
0 2432 2047 2688 2303
0 2432 2688 2688 2944
0 2432 2815 2688 3071
0 2432 2944 2688 3200
0 2432 3072 2688 3328
0 2432 3200 2688 3456
0 2432 3328 2688 3584
0 2432 3455 2688 3711
0 2560 1024 2816 1280
0 2560 1152 2816 1408
0 2560 1280 2816 1536
0 2560 1407 2816 1663
0 2560 1536 2816 1792
0 2560 1663 2816 1919
0 2560 1792 2816 2048
0 2560 1920 2816 2176
0 2560 2047 2816 2303
0 2560 2815 2816 3071
0 2560 2944 2816 3200
0 2560 3072 2816 3328
0 2560 3200 2816 3456
0 2560 3328 2816 3584
0 2560 3455 2816 3711
0 2688 1024 2944 1280
0 2688 1152 2944 1408
0 2688 1280 2944 1536
0 2688 1407 2944 1663
0 2688 1536 2944 1792
0 2688 1663 2944 1919
0 2688 1792 2944 2048
0 2688 1920 2944 2176
0 2688 2047 2944 2303
0 2688 2176 2944 2432
0 2688 2944 2944 3200
0 2688 3072 2944 3328
0 2688 3200 2944 3456
0 2688 3328 2944 3584
0 2688 3455 2944 3711
0 2815 1024 3071 1280
0 2815 1152 3071 1408
0 2815 1280 3071 1536
0 2815 1407 3071 1663
0 2815 1536 3071 1792
0 2815 1663 3071 1919
0 2815 1792 3071 2048
0 2815 1920 3071 2176
0 2815 2047 3071 2303
0 2815 2176 3071 2432
0 2815 2304 3071 2560
0 2815 3072 3071 3328
0 2815 3200 3071 3456
0 2815 3328 3071 3584
0 2815 3455 3071 3711
0 2944 1024 3200 1280
0 2944 1152 3200 1408
0 2944 1280 3200 1536
0 2944 1407 3200 1663
0 2944 1536 3200 1792
0 2944 1663 3200 1919
0 2944 1792 3200 2048
0 2944 1920 3200 2176
0 2944 2047 3200 2303
0 2944 2176 3200 2432
0 2944 2304 3200 2560
0 2944 3200 3200 3456
0 2944 3328 3200 3584
0 3072 1152 3328 1408
0 3072 1280 3328 1536
0 3072 1407 3328 1663
0 3072 1536 3328 1792
0 3072 1663 3328 1919
0 3072 1792 3328 2048
0 3072 1920 3328 2176
0 3072 2047 3328 2303
0 3072 2176 3328 2432
0 3072 2304 3328 2560
0 3072 2432 3328 2688
0 3072 3200 3328 3456
0 3072 3328 3328 3584
0 3200 1280 3456 1536
0 3200 1407 3456 1663
0 3200 1536 3456 1792
0 3200 1663 3456 1919
0 3200 1792 3456 2048
0 3200 1920 3456 2176
0 3200 2047 3456 2303
0 3200 2176 3456 2432
0 3200 2304 3456 2560
0 3200 2432 3456 2688
0 3328 1280 3584 1536
0 3328 1407 3584 1663
0 3328 1536 3584 1792
0 3328 1663 3584 1919
0 3328 1792 3584 2048
0 3328 1920 3584 2176
0 3328 2047 3584 2303
0 3328 2176 3584 2432
0 3328 2304 3584 2560
0 3328 2432 3584 2688
0 3328 2560 3584 2816
0 3455 1407 3711 1663
0 3455 1536 3711 1792
0 3455 1663 3711 1919
0 3455 1792 3711 2048
0 3455 1920 3711 2176
0 3455 2047 3711 2303
0 3455 2176 3711 2432
0 3455 2304 3711 2560
0 3455 2432 3711 2688
0 3455 2560 3711 2816
0 3584 1536 3840 1792
0 3584 1663 3840 1919
0 3584 1792 3840 2048
0 3584 1920 3840 2176
0 3584 2047 3840 2303
0 3584 2176 3840 2432
0 3584 2304 3840 2560
0 3584 2432 3840 2688
0 3584 2560 3840 2816
0 3712 1920 3968 2176
0 3712 2047 3968 2303
0 3712 2176 3968 2432
0 3712 2304 3968 2560
0 3712 2432 3968 2688
0 3712 2560 3968 2816
0 3712 2688 3968 2944
0 2048 3583 2304 3839
0 2304 3584 2560 3840
0 2176 3584 2432 3840
0 2432 3584 2688 3840
0 2560 3584 2816 3840
0 2688 3584 2944 3840
0 2816 3584 3072 3840
0 3072 3456 3328 3712
0 2944 3456 3200 3712
0 3200 3328 3456 3584
0 2944 3072 3200 3328
0 2816 2944 3072 3200
0 3200 3456 3456 3712
0 3328 3328 3584 3584
0 3840 2560 4096 2816
0 3840 2432 4096 2688
0 3840 2304 4096 2560
0 3840 2176 4096 2432
0 3200 1149 3456 1405
