0 1024 2048 1280 2304
0 1024 2176 1280 2432
0 1024 2304 1280 2560
0 1024 2432 1280 2688
0 1024 2560 1280 2816
0 1024 2688 1280 2944
0 1024 2816 1280 3072
0 1152 2048 1408 2304
0 1152 2176 1408 2432
0 1152 2304 1408 2560
0 1152 2432 1408 2688
0 1152 2560 1408 2816
0 1152 2688 1408 2944
0 1152 2816 1408 3072
0 1152 2944 1408 3200
0 1152 3072 1408 3328
0 1280 1152 1536 1408
0 1280 2048 1536 2304
0 1280 2176 1536 2432
0 1280 2304 1536 2560
0 1280 2432 1536 2688
0 1280 2560 1536 2816
0 1280 2688 1536 2944
0 1280 2816 1536 3072
0 1280 2944 1536 3200
0 1280 3072 1536 3328
0 1280 3200 1536 3456
0 1408 1152 1664 1408
0 1408 1280 1664 1536
0 1408 2304 1664 2560
0 1408 2432 1664 2688
0 1408 2560 1664 2816
0 1408 2688 1664 2944
0 1408 2816 1664 3072
0 1408 2944 1664 3200
0 1408 3072 1664 3328
0 1408 3200 1664 3456
0 1408 3328 1664 3584
0 1536 1152 1792 1408
0 1536 1280 1792 1536
0 1536 1408 1792 1664
0 1536 2432 1792 2688
0 1536 2560 1792 2816
0 1536 2688 1792 2944
0 1536 2816 1792 3072
0 1536 2944 1792 3200
0 1536 3072 1792 3328
0 1536 3200 1792 3456
0 1536 3328 1792 3584
0 1536 3456 1792 3712
0 1664 1152 1920 1408
0 1664 1280 1920 1536
0 1664 1408 1920 1664
0 1664 2560 1920 2816
0 1664 2688 1920 2944
0 1664 2816 1920 3072
0 1664 2944 1920 3200
0 1664 3072 1920 3328
0 1664 3200 1920 3456
0 1664 3328 1920 3584
0 1664 3456 1920 3712
0 1792 1152 2048 1408
0 1792 1280 2048 1536
0 1792 1408 2048 1664
0 1792 1536 2048 1792
0 1792 2688 2048 2944
0 1792 2816 2048 3072
0 1792 2944 2048 3200
0 1792 3072 2048 3328
0 1792 3200 2048 3456
0 1792 3328 2048 3584
0 1792 3456 2048 3712
0 1792 3584 2048 3840
0 1920 1152 2176 1408
0 1920 1280 2176 1536
0 1920 1408 2176 1664
0 1920 1536 2176 1792
0 1920 2688 2176 2944
0 1920 2816 2176 3072
0 1920 2944 2176 3200
0 1920 3072 2176 3328
0 1920 3200 2176 3456
0 1920 3328 2176 3584
0 1920 3456 2176 3712
0 1920 3584 2176 3840
0 2048 1024 2304 1280
0 2048 1152 2304 1408
0 2048 1280 2304 1536
0 2048 1408 2304 1664
0 2048 1536 2304 1792
0 2048 2560 2304 2816
0 2048 2688 2304 2944
0 2048 2816 2304 3072
0 2048 2944 2304 3200
0 2048 3072 2304 3328
0 2048 3200 2304 3456
0 2048 3328 2304 3584
0 2048 3456 2304 3712
0 2176 1024 2432 1280
0 2176 1152 2432 1408
0 2176 1280 2432 1536
0 2176 1408 2432 1664
0 2176 1536 2432 1792
0 2176 2560 2432 2816
0 2176 2688 2432 2944
0 2176 2816 2432 3072
0 2176 2944 2432 3200
0 2176 3072 2432 3328
0 2176 3200 2432 3456
0 2176 3328 2432 3584
0 2176 3456 2432 3712
0 2304 1024 2560 1280
0 2304 1152 2560 1408
0 2304 1280 2560 1536
0 2304 1408 2560 1664
0 2304 1536 2560 1792
0 2304 1664 2560 1920
0 2304 1792 2560 2048
0 2304 1920 2560 2176
0 2304 2560 2560 2816
0 2304 2688 2560 2944
0 2304 2816 2560 3072
0 2304 2944 2560 3200
0 2304 3072 2560 3328
0 2304 3200 2560 3456
0 2304 3328 2560 3584
0 2304 3456 2560 3712
0 2432 1024 2688 1280
0 2432 1152 2688 1408
0 2432 1280 2688 1536
0 2432 1408 2688 1664
0 2432 1536 2688 1792
0 2432 1664 2688 1920
0 2432 1792 2688 2048
0 2432 1920 2688 2176
0 2432 2048 2688 2304
0 2432 2176 2688 2432
0 2432 2304 2688 2560
0 2432 2688 2688 2944
0 2432 2816 2688 3072
0 2432 2944 2688 3200
0 2432 3072 2688 3328
0 2432 3200 2688 3456
0 2432 3328 2688 3584
0 2432 3456 2688 3712
0 2560 1024 2816 1280
0 2560 1152 2816 1408
0 2560 1280 2816 1536
0 2560 1408 2816 1664
0 2560 1536 2816 1792
0 2560 1664 2816 1920
0 2560 1792 2816 2048
0 2560 1920 2816 2176
0 2560 2048 2816 2304
0 2560 2176 2816 2432
0 2560 2304 2816 2560
0 2560 2816 2816 3072
0 2560 2944 2816 3200
0 2560 3072 2816 3328
0 2560 3200 2816 3456
0 2560 3328 2816 3584
0 2560 3456 2816 3712
0 2688 1024 2944 1280
0 2688 1152 2944 1408
0 2688 1280 2944 1536
0 2688 1408 2944 1664
0 2688 1536 2944 1792
0 2688 1664 2944 1920
0 2688 1792 2944 2048
0 2688 1920 2944 2176
0 2688 2048 2944 2304
0 2688 2176 2944 2432
0 2688 2304 2944 2560
0 2688 2944 2944 3200
0 2688 3072 2944 3328
0 2688 3200 2944 3456
0 2688 3328 2944 3584
0 2688 3456 2944 3712
0 2816 1024 3072 1280
0 2816 1152 3072 1408
0 2816 1280 3072 1536
0 2816 1408 3072 1664
0 2816 1536 3072 1792
0 2816 1664 3072 1920
0 2816 1792 3072 2048
0 2816 1920 3072 2176
0 2816 2048 3072 2304
0 2816 2176 3072 2432
0 2816 2304 3072 2560
0 2816 3072 3072 3328
0 2816 3200 3072 3456
0 2816 3328 3072 3584
0 2816 3456 3072 3712
0 2944 1024 3200 1280
0 2944 1152 3200 1408
0 2944 1280 3200 1536
0 2944 1408 3200 1664
0 2944 1536 3200 1792
0 2944 1664 3200 1920
0 2944 1792 3200 2048
0 2944 1920 3200 2176
0 2944 2048 3200 2304
0 2944 2176 3200 2432
0 2944 2304 3200 2560
0 2944 3200 3200 3456
0 2944 3328 3200 3584
0 3072 1152 3328 1408
0 3072 1280 3328 1536
0 3072 1408 3328 1664
0 3072 1536 3328 1792
0 3072 1664 3328 1920
0 3072 1792 3328 2048
0 3072 1920 3328 2176
0 3072 2048 3328 2304
0 3072 2176 3328 2432
0 3072 2304 3328 2560
0 3072 2432 3328 2688
0 3072 3200 3328 3456
0 3072 3328 3328 3584
0 3200 1280 3456 1536
0 3200 1408 3456 1664
0 3200 1536 3456 1792
0 3200 1664 3456 1920
0 3200 1792 3456 2048
0 3200 1920 3456 2176
0 3200 2048 3456 2304
0 3200 2176 3456 2432
0 3200 2304 3456 2560
0 3200 2432 3456 2688
0 3328 1280 3584 1536
0 3328 1408 3584 1664
0 3328 1536 3584 1792
0 3328 1664 3584 1920
0 3328 1792 3584 2048
0 3328 1920 3584 2176
0 3328 2048 3584 2304
0 3328 2176 3584 2432
0 3328 2304 3584 2560
0 3328 2432 3584 2688
0 3328 2560 3584 2816
0 3456 1408 3712 1664
0 3456 1536 3712 1792
0 3456 1664 3712 1920
0 3456 1792 3712 2048
0 3456 1920 3712 2176
0 3456 2048 3712 2304
0 3456 2176 3712 2432
0 3456 2304 3712 2560
0 3456 2432 3712 2688
0 3456 2560 3712 2816
0 3584 1536 3840 1792
0 3584 1664 3840 1920
0 3584 1792 3840 2048
0 3584 1920 3840 2176
0 3584 2048 3840 2304
0 3584 2176 3840 2432
0 3584 2304 3840 2560
0 3584 2432 3840 2688
0 3584 2560 3840 2816
0 3584 2688 3840 2944
0 3712 1920 3968 2176
0 3712 2048 3968 2304
0 3712 2176 3968 2432
0 3712 2304 3968 2560
0 3712 2432 3968 2688
0 3712 2560 3968 2816
0 3712 2688 3968 2944
